-41.1806	0.992233	0.66655	52
-66.4154	0.929084	0.520996	26
-80.225	0.543462	0.145826	117
-79.8718	0.583759	0.185187	117
-79.7025	0.62906	0.194055	52
-79.8658	0.622035	0.164922	65
-80.0558	0.587915	0.17277	78
-80.9399	0.593697	0.181778	104
-82.6988	0.42763	0.12869	78
-83.0898	0.352194	0.0634648	26
-84.4184	0.346842	0.142501	52
-85.1296	0.266976	0.0810322	104
-84.2087	0.340729	0.0893347	104
-83.4104	0.376435	0.081694	117
-81.1849	0.52365	0.125314	104
-79.2403	0.632222	0.147872	117
-77.3109	0.638204	0.242745	117
-75.8115	0.674494	0.225901	91
-73.6413	0.737312	0.138196	156
-71.233	0.784381	0.247519	208
-69.9377	0.78746	0.263424	312
-69.6004	0.773158	0.335177	442
-68.1059	0.797986	0.267011	442
-67.3959	0.815774	0.303859	325
-68.4662	0.805285	0.285888	364
-70.2929	0.78334	0.207364	403
-72.9662	0.779471	0.14944	221
-75.3149	0.757241	0.203729	78
-74.4761	0.782717	0.208723	65
-73.9536	0.785727	0.2346	52
-75.4634	0.688087	0.26839	221
-75.9953	0.535858	0.151583	299
-74.0409	0.563398	0.22542	234
-73.6433	0.470168	0.0901008	247
-76.4381	0.363314	0.114007	156
-78.6903	0.652375	0.15915	52
-77.5184	0.713785	0.298779	39
-56.9406	0.435944	0.32954	286
-32.9452	0.908564	0.382417	676
-27.8504	0.924637	0.357077	754
-27.245	0.918411	0.4944	923
-28.1255	0.907722	0.682231	1027
-27.3474	0.930561	0.791935	897
-28.4138	0.945903	0.797023	806
-34.044	0.943182	0.467799	377
-51.9612	0.987673	0.655969	26
-36.1676	0.496343	0.338414	351
-28.1597	-0.228979	0.195362	2782
-26.7776	0.00644306	0.231122	3367
-24.0761	0.883582	0.759282	1183
-20.5107	0.96352	0.858607	494
-18.2851	0.965599	0.880974	546
-17.8291	0.963189	0.883387	637
-19.5147	0.954782	0.858071	702
-21.9734	0.953647	0.865186	611
-24.137	0.942182	0.837484	689
-27.454	0.929305	0.740931	936
-32.3883	0.909747	0.632285	559
-43.4047	0.985685	0.583608	130
-49.6946	0.975085	0.504959	65
-60.9631	0.888114	0.255401	39
-56.2552	0.893016	0.0760042	195
-55.0793	0.918651	0.134403	182
-51.5954	0.980137	0.390258	143
-44.5227	0.989946	0.592257	208
-41.508	0.988297	0.598104	208
-36.9885	0.979579	0.733549	312
-29.4808	0.968029	0.774928	377
-25.5869	0.973795	0.875573	377
-24.424	0.96969	0.839872	455
-24.1564	0.962196	0.860066	598
-24.6305	0.965909	0.862725	611
-27.5363	0.960187	0.816639	429
-32.2543	0.984067	0.727541	221
-33.7461	0.992135	0.848962	182
-36.5774	0.992037	0.776475	117
-43.0738	0.991354	0.470688	78
-62.885	0.950798	0.24339	65
-73.2914	0.837866	0.203845	26
-74.5394	0.828939	0.303096	13
-76.1869	0.81807	0.0974718	52
-38.4843	0.311953	0.134408	1248
-35.3177	0.0702191	0.152181	3614
-35.9849	-0.320013	0.124481	5083
-36.7923	-0.529634	0.154449	5239
-36.6282	-0.582053	0.0985964	5447
-36.0376	-0.699272	0.14142	5850
-34.2858	-0.749557	0.199322	5993
-33.3255	-0.728247	0.154118	6019
-34.2604	-0.638393	0.207012	5382
-38.3688	-0.50906	0.163047	3042
-54.0048	0.595898	0.12854	676
-62.321	0.748117	0.0664768	208
-45.3199	0.818	0.16997	1001
-30.271	0.97092	0.595268	1027
-25.6947	0.972551	0.714698	468
-23.8673	0.966448	0.87178	533
-24.9475	0.966653	0.843402	533
-29.3487	0.973178	0.71295	338
-32.0518	0.99402	0.829794	156
-31.3753	0.995398	0.859756	169
-31.2342	0.99572	0.857473	169
-31.2489	0.994543	0.859644	156
-31.385	0.994362	0.8634	169
-31.9271	0.994668	0.860237	182
-32.4385	0.994471	0.862614	182
-32.7033	0.992365	0.844912	169
-31.311	0.988596	0.783389	234
-27.4841	0.981071	0.845905	351
-24.9685	0.981505	0.869423	364
-23.9414	0.977971	0.870208	364
-23.6178	0.979078	0.864973	390
-23.7083	0.982304	0.865686	390
-24.8475	0.980628	0.876863	390
-29.0143	0.980377	0.767787	572
-42.6691	0.854191	0.500913	2197
-49.9555	-0.326961	0.18597	4433
-48.6467	-0.326921	0.169184	4524
-42.9198	0.751638	0.304744	2769
-35.72	0.97502	0.706379	975
-33.3265	0.991414	0.794764	221
-33.1498	0.995199	0.870851	169
-34.0024	0.996331	0.871843	156
-37.3069	0.992588	0.837258	156
-44.6437	0.989801	0.600287	182
-36.1063	0.641121	0.360301	546
-33.6549	0.558846	0.209461	1898
-35.5365	0.531905	0.259851	2444
-38.9253	0.716905	0.160672	1781
-41.4366	0.810476	0.174588	1508
-42.6017	0.872458	0.207379	1105
-32.5536	0.974893	0.660984	585
-28.0679	0.949128	0.727338	429
-26.3296	0.933749	0.767144	611
-26.8725	0.940485	0.846869	598
-29.9525	0.959135	0.772037	312
-32.2178	0.994139	0.844431	169
-31.7174	0.99543	0.860154	169
-32.0499	0.995672	0.863175	156
-33.9605	0.996243	0.867346	130
-39.1148	0.988169	0.664009	364
-43.2626	0.68332	0.186636	988
-33.6007	0.0504035	0.1958	2652
-30.2302	-0.0621793	0.127137	4017
-31.3934	0.0153313	0.164503	3380
-36.7964	0.353442	0.346454	2652
-42.913	0.374137	0.204466	2067
-46.8856	0.771433	0.331394	897
-66.766	0.722245	0.0629142	182
-75.5346	0.791445	0.251648	78
-80.5638	0.475678	0.108188	117
-82.4437	0.433143	0.125928	78
-41.3136	0.836223	0.250044	364
-37.5646	0.862188	0.276661	936
-34.321	0.909504	0.467907	1066
-31.1575	0.936337	0.643298	884
-30.0704	0.94521	0.807062	793
-28.625	0.940099	0.775194	689
-26.1958	0.938333	0.79119	611
-25.0454	0.936938	0.827776	611
-25.5834	0.943218	0.819833	572
-26.5474	0.949059	0.818141	559
-27.3713	0.950122	0.82383	546
-27.9356	0.959253	0.807265	559
-28.0133	0.96242	0.829862	559
-28.748	0.968209	0.834055	507
-29.5731	0.976293	0.82616	481
-30.5384	0.979359	0.832479	351
-31.6486	0.986853	0.835776	208
-32.7121	0.988569	0.832	169
-34.3428	0.992494	0.840311	156
-35.3365	0.994311	0.775215	130
-35.0692	0.995588	0.850103	117
-34.9571	0.995669	0.836942	143
-35.0075	0.996128	0.84487	143
-35.3672	0.995716	0.84316	130
-35.8749	0.994902	0.83126	156
-36.7474	0.996255	0.833554	143
-38.7312	0.993402	0.843942	143
-41.3054	0.982289	0.785779	195
-45.1447	0.949145	0.692147	780
-46.0668	-0.544767	0.196299	3614
-42.2936	-0.785698	0.205029	6045
-41.4834	-0.772306	0.143525	5980
-42.0194	-0.735658	0.190997	5863
-41.4607	-0.752475	0.229508	5993
-42.2533	-0.741872	0.194579	5889
-45.2442	-0.649359	0.158464	5512
-48.5426	-0.579438	0.159821	4862
-57.8491	-0.300347	0.203601	2951
-66.528	0.557308	0.211227	767
-72.4964	0.862733	0.377498	39
-77.6074	0.718482	0.347814	39
-81.3808	0.573979	0.153521	52
-83.5919	0.392955	0.190573	78
-83.9766	0.398669	0.106299	39
-85.439	0.275815	0.16586	39
-84.0874	0.322597	0.211067	78
